Lidar_front_end:
   lidar_type: 1   # 1 for Livox-avia, 3 for Ouster-OS1-64
   N_SCANS: 6     # 6 is correct: lowering reduces points, increasing does nothing
   using_raw_point: 1
   point_step: 1
   
r3live_common:
   if_dump_log: 0                    # If recording ESIKF update log. [default = 0]
   record_offline_map: 1             # If recording offline map. [default = 1]
   pub_pt_minimum_views: 30          # Publish points which have been render up to "pub_pt_minimum_views" time. [default = 3]
   minimum_pts_size: 0.0001          # The minimum distance for every two points in Global map (unit in meter). [default = 0.01] 
   image_downsample_ratio: 1         # The downsample ratio of the input image. [default = 1]
   estimate_i2c_extrinsic: 0         # If enable estimate the extrinsic between camera and IMU. [default = 1] 
   estimate_intrinsic: 0             # If enable estimate the online intrinsic calibration of the camera lens. [default = 1] 
   maximum_vio_tracked_pts: 400000    # The maximum points for tracking. [default = 600]
   append_global_map_point_step: 1   # The point step of append point to global map. [default = 4]

r3live_vio:
   image_width: 3840
   image_height: 2160
   # 22-11-2023: k-coefficient "2" - 364pts
   camera_intrinsic: 
      [2101.752072, 0.000000, 1898.393850,
      0.000000, 2104.619275, 1297.114003,
      0.000000, 0.000000, 1.000000]
   camera_dist_coeffs: [-0.254325, 0.053769, 0.001113, -0.000038, 0.000000]
   
   camera_ext_R: [-0.011343359021024346,-0.013525889242814048,0.9998441771227712,-0.9999356502602301,0.0,-0.011344396795372308,0.00015344305458074044,-0.9999085209758897,-0.013525018855361117]
   camera_ext_t: [-0.014091428077573026,0.0001701659519305846,0.06719674618821503]

   #20-11-2023: k-coefficient "2"
   # camera_intrinsic:
   #    [2098.858754, 0.000000, 1896.353143,
   #    0.000000, 2101.229510, 1303.946790,
   #    0.000000, 0.000000, 1.000000]
   # camera_dist_coeffs: [-0.255299, 0.054781, 0.000832, -0.000022, 0.000000]

# 11-11-2023
   # camera_intrinsic:  # IMX477 @ 3840x2160
   #    [2097.163593, 0.000000, 1898.087495,
   #    0.000000, 2098.958119, 1296.965490,
   #    0.000000, 0.000000, 1.000000]
   # camera_dist_coeffs: [-0.254279, 0.053738, 0.001250, 0.000016, 0.000000]  #k1, k2, p1, p2, k3
#05-11-2023
   # camera_intrinsic:  # IMX477 @ 3840x2160
   #   [2083.898870, 0.000000, 1889.287703,
   #   0.000000, 2086.892573, 1309.195029,
   #   0.000000, 0.000000, 1.000000]
   # camera_dist_coeffs: [-0.256069, 0.055018, 0.000541, -0.000166, 0.000000]  #k1, k2, p1, p2, k3
# Inverse Translation Matrix (for R3Live):
# Very good camera extrinsics for the 20-11-2023 & 11-11-2023 intrinsics (and before)
   # camera_ext_R: [-0.011343359021024346,-0.013525889242814048,0.9998441771227712,-0.9999356502602301,0.0,-0.011344396795372308,0.00015344305458074044,-0.9999085209758897,-0.013525018855361117]
   # camera_ext_t: [-0.014091428077573026,0.0001701659519305846,0.06719674618821503]

#   camera_ext_R: [-0.010470826167654143,-0.013525889242814048,0.9998536953572548,-0.9999451693655121,0.0,-0.010471784116245792,0.00014164019213099997,-0.9999085209758897,-0.013525147609724852]
#   camera_ext_t: [-0.019090839327876554,0.00020943568232491584,0.06726437385757911]

#   camera_ext_R: [-0.010471002603441523,-0.012217000835247169,0.999870543117993,-0.9999451693655121,0.0,-0.010471784116245792,0.00012793379529470287,-0.999925369660452,-0.012216330969339833]
#   camera_ext_t: [-0.0191788718063983,0.00020943568232491584,0.06723932638663709]
   
r3live_lio:        
   lio_update_point_step: 1   # 1 - Point step used for LIO update.  
   max_iteration: 3           # Maximum times of LIO esikf.
   lidar_time_delay: 0.001    # The time-offset between LiDAR and IMU, provided by user. 
   filter_size_corner: 0.2    # 0.15
   filter_size_surf: 0.2      # 0.15
   filter_size_surf_z: 0.2    # 0.15
   filter_size_map: 0.2       # 0.5
